5
5
5
5
5
5
5
5
5
5
5
7
8
8
8
8
14
20
20
22
25
27
28
30
32
35
37
39
39
39
41
42
44
44
46
47
47
57
62
62
90
102
105
107
113
122
128
131
142
145
146
149
155
157
160
173
182
185
195
196
196
197
199
205
215
216
216
218
219
224
227
231
237
244
247
248
248
248
248
248
248
248
248
248
248
248
248
248
248
248
248
248
248
248
248
248
248
248
248
248
248
248
248
248
251
254
259
259
259
260
260
260
261
261
261
261
261
261
261
261
261
261
261
261
261
261
261
261
261
261
261
262
262
262
262
262
262
262
262
262
262
262
262
262
262
262
262
262
262
262
262
262
262
262
262
262
262
262
262
262
262
262
262
262
262
262
262
262
262
262
262
262
262
262
262
262
262
262
262
262
262
262
262
262
262
262
262
262
262
262
262
262
262
262
262
262
262
262
262
262
262
262
262
262
262
262
262
262
263
263
263
263
263
263
263
263
263
263
263
263
263
263
263
270
275
283
283
284
284
284
288
290
292
294
294
294
295
295
295
295
295
296
296
296
297
298
298
300
300
300
300
300
300
300
301
307
308
308
309
313
313
314
314
316
318
320
320
324
325
326
327
328
333
333
334
335
335
335
336
338
340
340
340
340
341
342
342
342
342
342
343
344
345
347
347
349
349
350
351
352
355
355
356
356
356
357
358
358
360
360
361
361
362
363
368
368
369
370
371
371
371
372
374
374
376
376
376
376
376
376
376
376
377
378
378
378
379
379
380
380
381
381
381
382
382
382
382
382
382
382
382
382
382
382
382
382
382
382
382
382
382
382
382
382
382
383
383
383
383
383
383
383
383
383
383
383
383
383
383
383
383
383
383
383
383
383
383
383
383
383
383
383
383
383
383
383
383
383
383
383
383
383
383
383
383
383
383
383
383
384
384
385
385
386
387
389
389
389
390
390
391
391
392
392
393
393
393
393
395
396
396
397
397
398
399
400
400
400
401
401
402
403
403
404
404
405
406
406
406
406
406
407
408
408
408
408
408
409
409
409
409
409
409
409
409
409
409
410
410
411
411
411
411
411
411
411
411
411
411
412
412
412
412
412
412
412
412
414
414
415
415
417
417
417
417
417
417
417
419
419
419
419
420
421
421
422
422
423
424
425
426
426
426
426
427
427
428
428
430
432
433
435
436
436
437
443
443
443
443
443
443
443
445
445
445
447
447
448
449
450
452
452
452
454
454
454
456
457
458
459
461
461
462
462
462
463
464
465
466
466
467
467
467
467
467
468
468
468
469
472
472
473
473
475
476
477
477
478
482
486
488
490
490
492
494
496
496
497
499
500
500
500
500
500
500
503
503
503
504
510
513
513
514
514
516
516
516
516
517
517
519
519
519
520
521
521
521
522
522
522
522
523
524
525
526
526
526
527
530
531
535
536
539
541
543
544
544
545
548
550
551
551
551
552
553
553
553
555
556
556
556
556
557
557
560
560
562
563
565
566
569
570
572
572
573
573
573
574
574
576
578
579
579
580
580
581
581
582
584
585
587
589
591
591
591
592
592
592
593
593
594
594
594
595
595
595
596
596
596
596
596
596
596
596
596
596
596
596
596
596
596
596
596
596
596
596
596
596
598
599
600
600
600
601
601
602
602
602
603
603
603
603
603
603
603
603
603
603
603
606
607
607
607
609
610
610
610
611
611
611
611
611
611
612
612
613
613
613
613
614
615
615
615
616
617
619
619
619
619
619
619
619
620
620
621
621
621
621
621
621
621
622
622
623
624
624
625
625
625
626
626
626
627
627
627
627
627
628
628
628
628
628
628
628
628
628
628
628
628
628
628
628
628
628
628
628
628
628
628
628
628
628
628
629
629
629
629
629
629
629
630
631
631
631
631
631
631
631
631
632
632
632
632
633
633
633
633
633
634
634
634
634
634
634
634
634
635
635
635
635
635
636
636
636
636
636
636
637
637
637
637
637
637
637
637
638
638
638
638
638
638
638
638
639
639
639
639
639
640
640
640
640
641
641
641
641
642
642
642
642
642
642
643
643
643
644
644
644
644
644
644
644
644
645
645
645
645
645
645
645
645
646
646
646
646
646
646
646
646
647
647
647
647
647
647
647
647
648
648
649
649
649
649
649
650
650
650
650
650
650
650
650
650
651
651
651
651
651
651
651
652
652
652
652
652
653
653
653
654
654
654
655
655
658
659
659
660
660
660
661
661
661
661
662
662
662
662
663
663
663
663
663
663
663
663
663
663
663
664
664
664
664
664
664
665
665
665
666
666
667
667
668
668
669
670
670
670
670
671
671
671
671
672
672
672
673
673
673
674
674
674
674
675
675
675
676
676
677
678
679
679
680
680
680
681
681
682
682
683
683
685
689
689
690
691
691
692
692
693
694
695
696
696
697
697
697
698
698
698
698
699
700
700
700
700
701
702
702
702
704
705
707
708
709
713
713
718
721
721
724
726
727
727
730
730
732
736
736
738
738
739
739
739
739
739
739
739
739
741
742
744
744
745
748
752
754
754
755
755
762
763
764
765
765
768
772
773
774
774
774
782
782
784
784
785
785
788
790
790
791
796
798
798
798
798
798
798
798
798
798
799
800
800
805
806
807
812
813
814
815
816
820
820
823
823
831
834
835
836
838
843
854
856
856
856
856
857
859
860
861
861
862
862
862
862
862
862
862
862
863
863
863
863
863
865
865
867
868
870
871
872
872
873
873
873
877
878
878
878
878
878
878
879
882
885
886
891
893
893
894
895
895
898
898
898
899
913
914
915
916
916
916
916
916
916
916
916
916
916
916
916
916
916
916
916
917
917
917
917
917
919
920
921
923
924
926
931
934
934
944
948
954
955
957
963
964
965
968
975
976
981
981
982
985
985
994
995
996
1003
1004
1005
1005
1016
1019
1024
1025
1026
1038
1040
1045
1046
1046
1048
1051
1056
1058
1061
1062
1063
1063
1064
1065
1067
1071
1072
1072
1074
1077
1081
1083
1085
1090
1092
1095
1095
1096
1096
1098
1112
1112
1113
1114
1115
1117
1122
1128
1133
1133
1138
1138
1139
1149
1153
1154
1155
1180
1181
1183
1190
1199
1202
1205
1217
1217
1217
1222
1227
1230
1232
1234
1240
1240
1242
1245
1252
1260
1260
1260
1260
1260
1260
1260
1260
1260
1260
1260
1260
1260
1260
1260
1260
1260
1260
1260
1260
1260
1260
1271
1272
1278
1280
1289
1290
1295
1295
1299
1300
1301
1301
1304
1309
1311
1316
1320
1322
1325
1325
1328
1328
1337
1340
1340
1342
1344
1346
1346
1346
1353
1355
1367
1368
1368
1368
1368
1368
1368
1368
1368
1368
1368
1368
1368
1368
1368
1368
1368
1368
1368
1368
1368
1368
1368
1368
1368
1368
1368
1368
1368
1368
1368
1368
1368
1368
1368
1368
1368
1368
1368
1368
1368
1368
1368
1368
1368
1368
1368
1368
1368
1368
1368
1368
1368
1368
1368
1368
1368
1368
1368
1368
1368
1368
1368
1368
1368
1368
1368
1368
1368
1368
1368
1368
1368
1368
1368
1368
1368
1368
1368
1368
1368
1368
1368
1368
1368
1368
1368
1368
1368
1368
1368
1368
1368
1368
1368
1368
1368
1368
1368
1368
1368
1368
1368
1368
1368
1368
1368
1368
1368
1368
1368
1368
1368
1368
1368
1368
1368
1368
1368
1368
1368
1368
1368
1368
1368
1368
1368
1368
1368
1368
1368
1368
1368
1368
1368
1368
1368
1368
1368
1368
1368
1368
1368
1368
1368
1368
1368
1368
1368
1368
1368
1368
1368
1368
1368
1368
1368
1368
1368
1368
1368
1368
1368
1368
1368
1368
1368
1368
1368
1368
1368
1368
1368
1368
1368
1368
1368
1368
1368
1368
1368
1368
1368
1368
1368
1368
1368
1368
1368
1368
1368
1368
1368
1368
1368
1368
1368
1368
1368
1368
1368
1368
1368
1368
1368
1368
1368
1368
1368
1368
1368
1368
1368
1368
1368
1368
1368
1368
1368
1368
1368
1368
1368
1368
1368
1368
1368
1368
1368
1368
1368
1368
1368
1368
1368
1368
1368
1368
1368
1368
1368
1372
1376
1378
1378
1386
1391
1392
1392
1395
1398
1403
1412
1413
1413
1413
1418
1418
1418
1418
1418
1418
1418
1418
1418
1418
1418
1418
1418
1418
1418
1418
1418
1418
1418
1418
1418
1418
1418
1418
1418
1418
1418
1418
1418
1418
1418
1418
1418
1418
1418
1418
1418
1418
1418
1418
1418
1418
1418
1418
1418
1418
1418
1418
1418
1418
1418
1418
1418
1418
1418
1418
1418
1418
1418
1418
1418
1418
1418
1418
1418
1418
1418
1418
1418
1418
1418
1418
1418
1418
1418
1418
1418
1418
1418
1418
1418
1418
1418
1418
1418
1418
1418
1418
1418
1418
1418
1418
1418
1418
1418
1418
1418
1418
1418
1418
1418
1418
1418
1418
1418
1418
1418
1418
1418
1418
1418
1418
1418
1418
1418
1418
1418
1418
1418
1418
1418
1418
1418
1418
1418
1418
1418
1418
1418
1418
1418
1418
1418
1418
1418
1418
1418
1418
1418
1418
1418
1418
1418
1418
1420
1421
1421
1421
1421
1421
1421
1421
1421
1421
1421
1423
1424
1424
1431
1433
1433
1433
1433
1433
1433
1433
1433
1433
1433
1433
1433
1433
1433
1433
1437
1438
1443
1447
1448
1448
1448
1448
1448
1448
1448
1448
1448
1448
1448
1448
1448
1448
1448
1448
1448
1448
1448
1448
1448
1448
1448
1448
1448
1448
1448
1448
1448
1448
1448
1448
1448
1448
1448
1448
1448
1448
1448
1448
1448
1448
1448
1448
1448
1448
1448
1448
1448
1448
1448
1448
1448
1448
1448
1448
1448
1448
1448
1448
1448
1448
1448
1448
1448
1448
1448
1448
1448
1448
1448
1448
1448
1448
1448
1448
1448
1448
1448
1448
1448
1448
1448
1448
1448
1448
1448
1448
1448
1448
1448
1448
1448
1448
1448
1448
1448
1448
1448
1448
1448
1448
1448
1448
1448
1448
1448
1448
1448
1448
1448
1448
1448
1448
1448
1448
1448
1448
1448
1448
1448
1448
1448
1448
1448
1448
1448
1448
1448
1448
1448
1448
1448
1448
1448
1448
1448
1448
1448
1448
1448
1448
1448
1448
1448
1448
1448
1448
1448
1448
1448
1448
1448
1448
1448
1448
1448
1448
1448
1448
1448
1448
1448
1448
1448
1448
1448
1448
1448
1448
1448
1448
1448
1448
1448
1448
1448
1448
1448
1448
1448
1448
1448
1448
1448
1448
1448
1448
1448
1448
1448
1448
1448
1448
1448
1448
1448
1448
1448
1448
1448
1448
1448
1448
1448
1448
1448
1448
1448
1448
1448
1448
1448
1448
1448
1448
1448
1448
1448
1448
1448
1448
1448
1448
1448
1448
1448
1448
1448
1448
1448
1448
1448
1448
1448
1448
1448
1448
1448
1448
1448
1448
1448
1448
1448
1448
1448
1448
1448
1448
1448
1448
1448
1448
1448
1448
1448
1448
1448
1448
1448
1448
1448
1448
1448
1448
1448
1448
1448
1448
1448
1448
1448
1448
1448
1448
1448
1448
1448
1448
1448
1448
1448
1448
1448
1448
1448
1448
1448
1448
1448
1448
1448
1448
1448
1448
1448
1448
1448
1448
1448
1448
1448
1448
1448
1448
1448
1448
1448
1448
1448
1448
1448
1448
1448
1448
1448
1448
1448
1448
1448
1448
1448
1448
1448
1448
1448
1448
1448
1448
1448
1448
1448
1448
1448
1448
1448
1448
1448
1448
1448
1448
1448
1448
1448
1448
1448
1448
1448
1448
1448
1448
1448
1448
1448
1448
1448
1448
1448
1448
1448
1448
1448
1448
1448
1448
1448
1448
1448
1448
1448
1448
1448
1448
1448
1448
1448
1448
1448
1448
1448
1448
1448
1448
1448
1448
1448
1448
1448
1448
1448
1448
1448
1448
1448
1448
1448
1448
1448
1448
1448
1448
1448
1448
1448
1448
1448
1448
1448
1448
1448
1448
1448
1448
1448
1448
1448
1448
1448
1448
1448
1448
1448
1448
1448
1448
1448
1448
1448
1448
1448
1448
1448
1448
1448
1448
1448
1448
1448
1448
1448
1448
1448
1448
1448
1448
1448
1448
1448
1448
1448
1448
1448
1448
1448
1448
1448
1448
1448
1448
1448
1448
1448
1448
1448
1448
1448
1448
1448
1448
1448
1448
1448
1448
1448
1448
1448
1448
1448
1448
1448
1448
1448
1448
1448
1448
1448
1448
1448
1448
1448
1448
1448
1448
1448
1448
1448
1448
1448
1448
1448
1448
1448
1448
1448
1448
1448
1448
1448
1448
1448
1448
1448
1448
1448
1448
1448
1448
1448
1448
1448
1448
1448
1448
1448
1448
1448
1448
1448
1448
1448
1448
1448
1448
1448
1448
1448
1448
1448
1448
1448
1448
1448
1448
1448
1448
1448
1448
1448
1448
1448
1448
1448
1448
1448
1448
1448
1448
1448
1448
1448
1448
1448
1448
1448
1448
1448
1448
1448
1448
1448
1448
1448
1448
1448
1448
1448
1448
1448
1448
1448
1448
1448
1448
1448
1448
1448
1448
1448
1448
1448
1448
1448
1448
1448
1448
1448
1448
1448
1448
1448
1448
1448
1448
1448
1448
1448
1448
1448
1448
1448
1448
1448
1448
1448
1448
1448
1448
1448
1448
1448
1448
1448
1448
1448
1448
1448
1448
1448
1448
1448
1448
1448
1448
1448
1448
1448
1448
1448
1448
1448
1448
1448
1448
1448
1448
1448
1448
1448
1448
1448
1448
1448
1448
1448
1448
1448
1448
1448
1448
1448
1448
1448
1448
1448
1448
1448
1448
1448
1448
1448
1448
1448
1448
1448
1448
1448
1448
1448
1448
1448
1448
1448
1448
1448
1448
1448
1448
1448
1448
1448
1448
1448
1448
1448
1448
1448
1448
1448
1448
1448
1448
1448
1448
1448
1448
1448
1448
1448
1448
1448
1448
1448
1448
1448
1448
1448
1448
1448
1448
1448
1448
1448
1448
1448
1448
1448
1448
1448
1448
1448
1448
1448
1448
1448
1448
1448
1448
1448
1448
1448
1448
1448
1448
1448
1448
1448
1448
1448
1448
1448
1448
1448
1448
1448
1448
1448
1448
1448
1448
1448
1448
1448
1448
1448
1448
1448
1448
1448
1448
1448
1448
1448
1448
1448
1448
1448
1448
1448
1448
1448
1448
1448
1448
1448
1448
1448
1448
1448
1448
1448
1448
1448
1448
1448
1448
1448
1448
1448
1448
1448
1448
1448
1448
1448
1448
1448
1448
1448
1448
1448
1448
1448
1448
1448
1448
1448
1448
1448
1448
1448
1448
1448
1448
1448
1448
1448
1448
1448
1448
1448
1448
1448
1448
1448
1448
1448
1448
1448
1448
1448
1448
1448
1448
1448
1448
1448
1448
1448
1448
1448
1448
1448
1448
1448
1448
1448
1448
1448
1448
1448
1448
1448
1448
1448
1448
1448
1448
1448
1448
1448
1448
1448
1448
1448
1448
1448
1448
1448
1448
1448
1448
1448
1448
1448
1448
1448
1448
1448
1448
1448
1448
1448
1448
1448
1448
1448
1448
1448
1448
1448
1448
1448
1448
1448
1448
1448
1448
1448
1448
1448
1448
1448
1448
1448
1448
1448
1448
1448
1448
1448
1448
1448
1448
1448
1448
1448
1448
1448
1448
1448
1448
1448
1448
1448
1448
1448
1448
1448
1448
1448
1448
1448
1448
1448
1448
1448
1448
1448
1448
1448
1448
1448
1448
1448
1448
1448
1448
1448
1448
1448
1448
1448
1448
1448
1448
1448
1448
1448
1448
1448
1448
1448
1448
1448
1448
1448
1448
1448
1448
1448
1448
1448
1448
1448
1448
1448
1448
1448
1448
1448
1448
1448
1448
1448
1448
1448
1448
1448
1448
1448
1448
1448
1448
1448
1448
1448
1448
1448
1448
1448
1448
1448
1448
1448
1448
1448
1448
1448
1448
1448
1448
1448
1448
1448
1448
1448
1448
1448
1448
1448
1448
1448
1448
1448
1448
1448
1448
1448
1448
1448
1448
1448
1448
1448
1448
1448
1448
1448
1448
1448
1448
1448
1448
1448
1448
1448
1448
1448
1448
1448
1448
1448
1448
1448
1448
1448
1448
1448
1448
1448
1448
1448
1448
1448
1448
1448
1448
1448
1448
1448
1448
1448
1448
1448
1448
1448
1448
1448
1448
1448
1448
1448
1448
1448
1448
1448
1448
1448
1448
1448
1448
1448
1448
1448
1448
1448
1448
1448
1448
1448
1448
1448
1448
1448
1448
1448
1448
1448
1448
1448
1448
1448
1448
1448
1448
1448
1448
1448
1448
1448
1448
1448
1448
1448
1448
1448
1448
1448
1448
1448
1448
1448
1448
1448
1448
1448
1448
1448
1448
1448
1448
1448
1448
1448
1448
1448
1448
1448
1448
1448
1448
1448
1448
1448
1448
1448
1448
1448
1448
1448
1448
1448
1448
1448
1448
1448
1448
1448
1448
1448
1448
1448
1448
1448
1448
1448
1448
1448
1448
1448
1448
1448
1448
1448
1448
1448
1448
1448
1448
1448
1448
1448
1448
1448
1448
1448
1448
1448
1448
1448
1448
1448
1448
1448
1448
1448
1448
1448
1448
1448
1448
1448
1448
1448
1448
1448
1448
1448
1448
1448
1448
1448
1448
1448
1448
1448
1448
1448
1448
1448
1448
1448
1448
1448
1448
1448
1448
1448
1448
1448
1448
1448
1448
1448
1448
1448
1448
1448
1448
1448
1448
1448
1448
1448
1448
1448
1448
1448
1448
1448
1448
1448
1448
1448
1448
1448
1448
1448
1448
1448
1448
1448
1448
1448
1448
1448
1448
1448
1448
1448
1448
1448
1448
1448
1448
1448
1448
1448
1448
1448
1448
1448
1448
1448
1448
1448
1448
1448
1448
1448
1448
1448
1448
1448
1448
1448
1448
1448
1448
1448
1448
1448
1448
1448
1448
1448
1448
1448
1448
1448
1448
1448
1448
1448
1448
1448
1448
1448
1448
1448
1448
1448
1448
1448
1448
1448
1448
1448
1448
1448
1448
1448
1448
1448
1448
1448
1448
1448
1448
1448
1448
1448
1448
1448
1448
1448
1448
1448
1448
1448
1448
1448
1448
1448
1448
1448
1448
1448
1448
1448
1448
1448
1448
1448
1448
1448
1448
1448
1448
1448
1448
1448
1448
1448
1448
1448
1448
1448
1448
1448
1448
1448
1448
1448
1448
1448
1448
1448
1448
1448
1448
1448
1448
1448
1448
1448
1448
1448
1448
1448
1448
1448
1448
1448
1448
1448
1448
1448
1448
1448
1448
1448
1448
1448
1448
1448
1448
1448
1448
1448
1448
1448
1448
1448
1448
1448
1448
1448
1448
1448
1448
1448
1448
1448
1448
1448
1448
1448
1448
1448
1448
1448
1448
1448
1448
1448
1448
1448
1448
1448
1448
1448
1448
1448
1448
1448
1448
1448
1448
1448
1448
1448
1448
1448
1448
1448
1448
1448
1448
1448
1448
1448
1448
1448
1448
1448
1448
1448
1448
1448
1448
1448
1448
1448
1448
1448
1448
1448
1448
1448
1448
1448
1448
1448
1448
1448
1448
1448
1448
1448
1448
1448
1448
1448
1448
1448
1448
1448
1448
1448
1448
1448
1448
1448
1448
1448
1448
1448
1448
1448
1448
1448
1448
1448
1448
1448
1448
1448
1448
1448
1448
1448
1448
1448
1448
1448
1448
1448
1448
1448
1448
1448
1448
1448
1448
1448
1448
1448
1448
1448
1448
1448
1448
1448
1448
1448
1448
1448
1448
1448
1448
1448
1448
1448
1448
1448
1448
1448
1448
1448
1448
1448
1448
1448
1448
1448
1448
1448
1448
1448
1448
1448
1448
1448
1448
1448
1448
1448
1448
1448
1448
1448
1448
1448
1448
1448
1448
1448
1448
1448
1448
1448
1448
1448
1448
1448
1448
1448
1448
1448
1448
1448
1448
1448
1448
1448
1448
1448
1448
1448
1448
1448
1448
1448
1448
1448
1448
1448
1448
1448
1448
1448
1448
1448
1448
1448
1448
1448
1448
1448
1448
1448
1448
1448
1448
1448
1448
1448
1448
1448
1448
1448
1448
1448
1448
1448
1448
1448
1448
1448
1448
1448
1448
1448
1448
1448
1448
1453
1454
1454
1455
1455
1455
1455
1455
1455
1455
1455
1455
1455
1455
1455
1455
1458
1458
1460
1460
1460
1460
1460
1460
1460
1460
1460
1460
1460
1460
1460
1460
1460
1460
1460
1460
1460
1460
1460
1460
1460
1460
1460
1460
1460
1460
1460
1460
1460
1460
1460
1460
1460
1460
1460
1460
1460
1460
1460
1460
1460
1460
1460
1460
1460
1460
1460
1460
1460
1460
1460
1460
1460
1460
1460
1460
1460
1460
1460
1460
1460
1460
1460
1460
1460
1460
1460
1460
1460
1460
1460
1460
1460
1460
1460
1460
1460
1460
1460
1460
1460
1460
1460
1460
1460
1460
1460
1460
1460
1460
1460
1460
1460
1460
1460
1460
1460
1460
1460
1460
1460
1460
1460
1460
1460
1460
1460
1460
1460
1460
1460
1460
1460
1460
1460
1460
1460
1460
1460
1460
1460
1460
1460
1460
1460
1460
1460
1460
1460
1460
1460
1460
1460
1460
1460
1460
1460
1460
1460
1460
1460
1460
1460
1460
1460
1460
1460
1460
1460
1460
1460
1460
1460
1460
1460
1460
1460
1460
1460
1460
1460
1460
1460
1460
1460
1460
1460
1460
1460
1460
1460
1460
1460
1460
1460
1460
1460
1460
1460
1460
1460
1460
1460
1460
1460
1460
1460
1460
1460
1460
1460
1460
1460
1460
1460
1460
1460
1460
1460
1460
1460
1460
1460
1460
1460
1460
1460
1460
1460
1460
1460
1460
1460
1460
1460
1460
1460
1460
1460
1460
1460
1460
1460
1460
1460
1460
1460
1460
1460
1460
1460
1460
1460
1460
1460
1460
1460
1460
1460
1460
1460
1460
1460
1460
1460
1460
1460
1460
1460
1460
1460
1460
1460
1460
1460
1460
1460
1460
1460
1460
1460
1460
1460
1460
1460
1460
1460
1460
1460
1460
1460
1460
1460
1460
1460
1460
1460
1460
1460
1460
1460
1460
1460
1460
1460
1460
1460
1460
1460
1460
1460
1460
1460
1460
1460
1460
1460
1460
1460
1460
1460
1460
1460
1460
1460
1460
1460
1460
1460
1460
1460
1460
1460
1460
1460
1460
1460
1460
1460
1460
1460
1460
1460
1460
1460
1460
1460
1460
1460
1460
1460
1460
1460
1460
1460
1460
1460
1460
1460
1460
1460
1460
1460
1460
1460
1460
1460
1460
1460
1460
1460
1460
1460
1460
1460
1460
1460
1460
1460
1460
1460
1460
1460
1460
1460
1460
1460
1460
1460
1460
1460
1460
1460
1460
1460
1460
1460
1460
1460
1460
1460
1460
1460
1460
1460
1460
1460
1460
1460
1460
1460
1460
1460
1460
1460
1460
1460
1460
1460
1460
1460
1460
1460
1460
1460
1460
1460
1460
1460
1460
1460
1460
1460
1460
1460
1460
1460
1460
1460
1460
1460
1460
1460
1460
1460
1460
1460
1460
1460
1460
1460
1460
1460
1460
1460
1460
1460
1460
1460
1460
1460
1460
1460
1460
1460
1460
1460
1460
1460
1460
1460
1460
1460
1460
1460
1460
1460
1460
1460
1460
1460
1460
1460
1460
1460
1460
1460
1460
1460
1460
1460
1460
1460
1460
1460
1460
1460
1460
1460
1460
1460
1460
1460
1460
1460
1460
1460
1460
1460
1460
1460
1460
1460
1460
1460
1460
1460
1460
1460
1460
1460
1460
1460
1460
1460
1460
1460
1460
1460
1460
1460
1460
1460
1460
1460
1460
1460
1460
1460
1460
1460
1460
1460
1460
1460
1460
1460
1460
1460
1460
1460
1460
1460
1460
1460
1460
1460
1460
1460
1460
1460
1460
1460
1460
1460
1460
1460
1460
1460
1460
1460
1460
1460
1460
1460
1460
1460
1460
1460
1460
1460
1460
1460
1460
1460
1460
1460
1460
1460
1460
1460
1460
1460
1460
1460
1460
1460
1460
1460
1460
1460
1460
1460
1460
1460
1460
1460
1460
1460
1460
1460
1460
1460
1460
1460
1460
1460
1460
1460
1460
1460
1460
1460
1460
1460
1460
1460
1460
1460
1460
1460
1460
1460
1460
1460
1460
1460
1460
1460
1460
1460
1460
1460
1460
1460
1460
1460
1460
1460
1460
1460
1460
1460
1460
1460
1460
1460
1460
1460
1460
1460
1460
1460
1460
1460
1460
1460
1460
1460
1460
1460
1460
1460
1460
1460
1460
1460
1460
1460
1460
1460
1460
1460
1460
1460
1460
1460
1460
1460
1460
1460
1460
1460
1460
1460
1460
1460
1460
1460
1460
1460
1460
1460
1460
1460
1460
1460
1460
1460
1460
1460
1460
1460
1460
1460
1460
1460
1460
1460
1460
1460
1460
1460
1460
1460
1460
1460
1460
1460
1460
1460
1460
1460
1460
1460
1460
1460
1460
1460
1460
1460
1460
1460
1460
1460
1460
1460
1460
1460
1460
1460
1460
1460
1460
1460
1460
1460
1460
1460
1460
1460
1460
1460
1460
1460
1460
1460
1460
1460
1460
1460
1460
1460
1460
1460
1460
1460
1460
1460
1460
1460
1460
1460
1460
1460
1460
1460
1460
1460
1460
1460
1460
1460
1460
1460
1460
1460
1460
1460
1460
1460
1460
1460
1460
1460
1460
1460
1460
1460
1460
1460
1460
1460
1460
1460
1460
1460
1460
1460
1461
1461
1461
1462
1465
1471
1472
1473
1473
1474
1476
1477
1478
1480
1481
1481
1482
1483
1484
1486
1486
1487
1488
1489
1490
1491
1491
1493
1494
1494
1495
1495
1502
1502
1504
1511
1511
1511
1515
1515
1517
1518
1533
1542
1545
1546
1548
1550
1550
1551
1554
1557
1558
1559
1561
1566
1568
1569
1569
1572
1573
1574
1578
1579
1579
1580
1585
1590
1593
1596
1600
1600
1600
1610
1618
1620
1621
1625
1636
1639
1644
1652
1658
1660
1669
1671
1676
1678
1678
1679
1683
1687
1693
1695
1696
1696
1696
1696
1696
1696
1699
1703
1703
1704
1706
1707
1709
1709
1712
1721
1722
1722
1722
1722
1722
1722
1722
1725
1726
1736
1737
1740
1740
1742
1743
1744
1744
1755
1758
1760
1760
1760
1771
1776
1793
1816
1822
1825
1834
1834
1838
1840
1847
1848
1853
1867
1881
1896
1901
1901
1905
1908
1912
1914
1917
1917
1920
1922
1929
1939
1941
1943
1943
1943
1943
1943
1943
1947
1947
1948
1951
1952
1966
1979
1985
1994
2007
2008
2015
2035
2036
2047
2049
2058
2088
2091
2093
2095
2096
2115
2132
2135
2138
2147
2163
2168
2173
2175
2192
2192
2192
2219
2232
2233
2242
2259
2293
2338
2341
2346
2391
2407
2416
2481
2524
2536
2553
2585
2617
2678
2678
2698
2705
2729
2736
2736
2736
2736
2736
2736
2736
2736
2736
2736
2736
2736
2736
2736
2744
2758
2774
2836
2836
2836
2836
2836
2836
2836
2836
2836
2836
2836
2836
2836
2836
2836
2836
2836
2836
2836
2836
2836
2836
2836
2836
2836
2836
2836
2836
2836
2836
2841
2841
2881
2896
2896
2896
2896
2896
2896
2896
2896
2896
2896
2896
2896
2896
2896
2896
2896
2896
2896
2896
2896
2896
2896
2896
2896
2896
2896
2896
2896
2896
2896
2896
2896
2896
2896
2896
2896
2896
2896
2896
2896
2896
2896
2896
2896
2896
2896
2896
2896
2896
2896
2896
2896
2896
2896
2896
2896
2896
2896
2896
2896
2896
2896
2896
2896
2896
2896
2896
2896
2896
2896
2896
2896
2896
2896
2896
2896
2896
2896
2896
2896
2896
2896
2896
2896
2896
2896
2896
2896
2896
2896
2896
2896
2896
2896
2896
2896
2896
2896
2896
2896
2896
2896
2896
2896
2896
2896
2896
2896
2896
2896
2896
2896
2896
2896
2896
2896
2896
2896
2896
2896
2896
2896
2896
2896
2896
2896
2896
2896
2896
2896
2896
2896
2896
2896
2896
2896
2896
2896
2896
2896
2896
2896
2896
2896
2896
2896
2896
2896
2896
2896
2896
2896
2896
2902
2902
2903
2903
2909
2911
2919
2920
2920
2920
2920
2920
2920
2920
2920
2920
2920
2920
2920
2920
2920
2920
2920
2920
2920
2920
2920
2920
2920
2920
2920
2920
2920
2920
2920
2920
2920
2920
2920
2920
2920
2920
2920
2920
2920
2920
2920
2920
2920
2920
2920
2920
2920
2920
2920
2924
2926
2928
2928
2930
2935
2937
2938
2938
2939
2945
2948
2949
2965
2994
3007
3018
3049
3141
3144
3182
3204
3204
3245
3347
3359
3383
3471
3519
3565
3578
3583
3608
3613
3627
3687
3813
3829
3959
3965
4096
4096
4096
4096
4096
4096
4096
4096
4096
4096
4096
4096
4096
4096
4096
4096
4096
4096
4096
4096
4096
4096
4096
4096
4096
4096
4096
4096
4096
4096
4096
4096
4096
4096
4096
4096
4096
4096
4096
4096
4096
4096
4096
4096
4096
4096
4096
4096
4096
4096
4096
4096
4096
4096
4096
4096
4096
4096
4096
4096
4096
4096
4096
4096
4096
4096
4096
4096
4096
4096
4096
4096
4096
4096
4096
4096
4096
4096
4096
4096
4096
4096
4096
4096
4096
4096
4096
4096
4096
4096
4096
4096
4096
4096
4096
4096
4096
4096
4096
4096
4096
4096
4096
4096
4096
4096
4096
4096
4096
4096
4096
4096
4096
4096
4096
4096
4096
4096
4096
4096
4096
4096
4096
4096
4096
4096
4096
4096
4096
4096
4096
4096
4096
4096
4096
4096
4096
4096
4096
4096
4096
4096
4096
4096
4096
4096
4096
4096
4096
4096
4096
4096
4096
4096
4096
4096
4096
4096
4096
4096
4096
4096
4096
4096
4096
4096
4096
4096
4096
4096
4096
4096
4096
4096
4096
4096
4096
4096
4096
4096
4096
4096
4096
4096
4096
4096
4096
4096
4096
